47.3
47.4
48.4
48.31
48.23
48.31
48.4
49.4
49
49.1
49
49.5
50.3
50.46
50.7
50.8
51.21
51.89
52.29
52.31
52.1
52.6
53.2
53.17
53.63
54.2
54
54.2
54.68
54.45
54.44
55
55.8
56.1
56.3
56.8
55.8
55.8
55.49
54
55.09
54.91
54.7
54.6
54
53.21
53.61
53.71
53.85
54.9
54.71
54.05
53.11
52.7
52.7
53.78
52.51
52.6
52.5
52.5
52.11
52.59
53.4
53.6
53.6
53.01
52.91
52.61
53
53.29
52.01
52.51
53.49
53.1
53.4
52.9
52.3
52.5
52.3
52.4
52.5
52.99
52.57
52.1
50.8
51.51
50.4
50.3
49.9
49.9
48.8
49.2
49.1
48.89
49.1
49.51
48.8
49
49.5
49.85
50
50.26
49.6
49.73
49.3
49.2
49.4
50.61
50.8
51.01
50.71
51.53
51.4
51
52.1
50.9
51.6
51.6
51.6
51.78
51.5
51.6
51.9
52.18
53.5
53.3
53.3
52.6
53.51
53.38
52.98
53.3
53
52.65
52.5
52.52
52.2
53
53
52.3
51.9
51.81
51.81
51.7
51.8
52.51
52.78
52.9
52.6
52.8
53.16
53.58
53.61
53.5
53.5
53.8
54.2
52.56
53.9
54.2
54.3
54.3
54.1
53.89
53.7
53.1
53.3
53
52.8
52.85
52.51
53
54.1
54.1
54.2
54.5
55.02
56.5
56.5
56
56.01
57.11
57.48
56.8
56.93
56.9
57.2
57.52
57.55
58.4
57.6
57.3
57.1
56.81
57.9
57.4
57.5
57
57
57.4
57.07
57.42
57.2
57.11
57.1
57.01
56.48
56.6
57.21
57.6
57.4
57.79
57.6
57.58
57.3
57.2
56.9
56.5
56.3
56.3
56.2
56.5
56.8
56.7
56.99
57.7
58.75
59.1
59.1
59.5
59.5
59.7
59.8
59.41
59.4
59.3
58.85
59.22
59.1
59.5
59.6
59.5
58.9
58.91
59.6
59.3
59.3
59.6
60.35
60.4
60.47
60.51
60.32
60.6
60.3
60.1
60
60.76
60.9
60.8
60.9
61.1
61.4
60.9
61
59.12
61.2
61.2
61.1
61.1
60.9
60.7
60.1
60.1
59.9
60
59.3
59.4
59.7
59.9
59.3
59.27
59.5
59.9
60.1
58.75
60.98
59.5
58.4
59.1
58.1
57.05
57.9
58.7
59
59.3
59.93
59.9
58.53
58.5
58.99
58.29
58.1
57.21
57.1
56.6
56.5
56.4
56.5
56.9
57
57.4
56.7
56.4
55.01
55.9
55.5
56.3
55.3
55.4
55.81
56.9
56.8
57.6
58.3
58.3
58.7
58.5
59
58.51
59.9
59.17
59.4
60.2
60.5
60.4
60.7
59.7
59.9
61.3
61.5
61.5
61.3
60.9
60.6
59.6
59.8
60.7
61
60.7
60.9
59.1
59.7
59.4
59.3
59.2
59.3
59
58.25
57.66
57.98
58.4
58.8
58.7
58.2
56.98
56.7
56.6
56.01
56.7
57.5
58.9
59.2
58.6
58.9
59
59
58.31
59.06
59.41
60
60.6
60.3
60.1
60.3
60.8
60.5
60.82
60.8
60.2
59.7
59.2
59.2
58.3
58.2
60.1
58
57.3
57.1
56.1
56.5
56.7
57.75
57.9
56.1
55
54.8
54
55.09
55.3
55.1
54.71
53.9
54.81
55.32
56.3
54.3
55.21
56.8
57.4
59.6
59.84
59
59.5
58.52
59.3
60.4
61.7
60.78
58.21
59.67
59.25
59.5
58.76
57.5
58.7
59.79
59.8
59
60.2
60.9
61.45
61.5
62
61.6
61.2
62.8
60
62.6
62.4
62.1
62.4
61.8
62.8
63.2
63.5
63.7
63.3
63
62.49
61.96
61.7
60.85
63.5
61.9
62.6
62.63
61.84
60.9
61.17
61.75
62.46
61.6
62
62.52
62.88
62.56
63.2
63.4
64.3
64.21
63.74
63.78
62.72
62.5
62.5
62
62.91
62.38
63.46
70
63.4
63.64
63.98
63.67
63.6
63.7
62.42
62.76
62.54
62.4
62.4
62.4
62.6
63.25
63.2
64
63.69
63.3
63.9
63.8
64.1
63.9
63
62.12
62.4
61.7
61.8
61.68
61.19
58.62
64.99
61.5
61.61
61.5
61.63
61.8
60.9
61.4
61.7
62.2
58.71
62.3
62.7
62.72
63
63.4
62.9
63.79
64.15
64.8
65.7
65.7
65.09
65.26
64.7
65.04
65.16
65.19
64.92
65
65.79
66.1
65.8
66.3
67.6
67.03
67.23
67.7
67.3
67.12
67.2
67.93
67.61
67.92
67.66
67.2
67.95
68.4
68.3
68.75
68.25
67.9
67.5
67.57
67
67.5
67.5
67
66.8
69.25
70
71.1
71.4
72.4
73.1
72.9
72.73
73
73.06
74.4
73.9
73.4
73.35
73.1
72.72
73.8
74.4
74.3
72.03
76.4
77.1
77.1
76.8
76.9
75.85
76
76.9
76.1
76.1
75.8
75.61
76.3
76.15
75.7
75.6
76.5
76.83
77.7
77.71
78.23
78.31
76.87
74.51
76.38
75.2
75.29
75.95
76.8
76.86
77.31
77.5
78.5
78.6
78.82
78.5
78.22
78.6
77.75
77.2
77.7
78
77.4
77
77.22
77.31
77.9
78.5
78.7
79.6
79.7
79.52
79.68
80.3
79.8
80.2
80.36
80.8
81.2
81.89
82.18
81.6
81.99
82.62
82.4
82
81.9
81.78
81
80.5
80.39
82
82.05
82.5
81.5
81.2
80
80.85
80.57
80.65
80.56
79.38
80
80.01
79.6
80.1
79.5
78.7
79.5
80.1
80.63
80.7
81.39
80.8
81.42
81.68
83
84.5
84.4
84.39
84
84.5
84.65
84.9
84.12
84.8
85.4
85.2
85
84.8
85.65
86
85.5
85.8
85.62
86.92
86.43
86.3
86.59
86.8
86.74
85.5
84.49
84.65
84.17
82.9
83.17
82.03
82
83
83.46
84.5
83.55
83.2
82.81
83.39
83.3
83.85
83.7
84.6
84.1
82.35
82.5
83.1
83.75
82.03
83.7
84.59
85.7
86.16
86.4
87.6
88
90
89.3
89.7
89.7
90.8
89.5
89.52
88.9
88
88.09
87.6
86.2
86.92
87.7
88.23
89.3
89.5
89.78
89.4
89.09
88.22
88.36
87.91
87.82
89.62
89.5
90.93
89.16
89.5
87.8
87.5
87.66
88.12
86.85
86.9
87.16
87.48
86.5
86.5
86.1
86.18
85.67
84.35
84.5
85.2
85.2
86.3
86.87
87.21
87.5
87.9
88.15
88.5
87.74
87.25
86.55
85.4
85.5
84
84.2
84.1
82.4
83.06
82.4
82.9
83.53
83.5
81.01
81.8
82.51
83.3
82.45
82.5
82.55
83.3
83.58
83.64
84.25
84.45
84.65
84.53
83.51
83.46
83.45
84.65
84.75
83.4
81.9
82
81.58
81.1
80.9
81.72
80.2
80.11
80.8
81.5
81.58
82.5
83.1
84.19
84.46
83.92
84.48
82.5
83.6
84.4
85.21
85.4
84.7
85.98
85
84.5
84.3
84.5
85.45
85.4
86.11
86.6
87.2
87.1
86.1
87.2
86.6
86
85
84.53
84.7
85.4
86.3
86.6
85.83
86.8
87
86.5
86.3
84.7
84.7
86.3
86
85.45
85.6
84.1
83.1
81
80
80
80.8
81
80.5
79.52
78.8
79.2
78.1
77
78.5
78.5
79.1
79.4
79.5
79.4
80
80.35
80.89
78.7
78.98
80.1
78.47
80
80.4
80.8
82
82.5
82.41
82.49
82.8
82.2
81.99
82.11
83.14
82
83.5
83.8
84
83.42
83.01
82.64
82.3
81.86
81.97
82.1
81.48
81
79.5
79.99
79.4
78.57
79.7
78.6
78.9
79.6
79.7
79.55
79.3
79.9
80.2
80.35
80.56
80
79.2
79.2
78.5
78
77.7
78
77
77.5
79
78.57
79.28
78.9
79.2
79.1
79.33
79.7
80.1
80
79.8
80.2
80.3
79.39
78.98
78.2
77
76.6
77
76.44
76.17
76.4
75.35
74.9
74.7
74.44
74.06
75.6
75.6
75.15
75.2
76.4
76.45
75.2
74.82
75.05
75.6
74.25
73.5
73.02
71.3
71.14
72.6
72
72
72.5
73
73
71.8
72.1
70.8
71.4
71.04
73
74.9
75.43
75.8
75.5
75.9
75.79
76.09
76.71
75.72
76.47
76.11
76.1
78
78.52
78.4
77.9
77.31
78.5
79
78.15
78.42
77.5
77.4
76
76.9
77
78.3
79.51
80.2
80.32
79.92
79.9
79.29
80.5
80.6
79.32
79.3
79.7
78.4
78.29
78.28
78.87
79.57
79.59
79.4
79.7
79.1
79.9
79.54
79.5
78.8
78.93
78.4
78.89
80.33
81.7
82.55
83
82.7
82.51
83.61
83.25
83.28
83.85
84.03
83
82.8
82.8
82.6
82.94
83
82.7
83.22
83.24
83.24
82.51
82.2
82.8
82.5
83.6
84.5
84.74
85.1
85
84.85
85.5
86.5
86.49
87
87.5
87
87
86.7
87.26
86.53
86.9
87.96
87.6
87.7
88.2
88.1
88
86.19
87.24
87.55
88.58
88.6
88.4
87
87.5
88.1
88
89
88.5
88.3
87.84
87.88
88.2
87.76
87.52
87.82
88.98
89.75
89.41
89.75
90.99
90.8
91.01
90
89.09
89.2
89.28
89.5
89.7
89.6
91
90.4
89.72
89.2
89.11
89.65
88
88.1
89.32
89.5
89.29
89
88.9
88.58
87.5
87.8
87.27
88.3
88.4
89.9
88.7
88.8
88.45
87.85
88.5
88.1
87.58
87.16
87.1
86.89
87.3
85.38
90.05
86.7
84.9
83.42
82.9
82.97
82.8
81.69
82.29
81.81
82
82.31
67
83.6
84
83.13
83.49
83.1
83.5
83.31
84.3
84.09
84.2
83.91
83.21
83.23
83
82.9
82.7
82.5
81.7
81.42
80.75
81.92
81.9
82.51
84
83.6
83.7
84.1
86.2
84.2
84.39
84.5
85.5
85.9
85.5
86.2
85.7
86
86.1
85.05
85.65
86.4
87.34
83
88
87.5
88.7
88.9
89.5
89.9
89.36
89.5
89.95
90
90
90
89.3
89.8
90
90.6
90.9
91
91.2
91
90.73
92
90.7
91.11
91.5
91.4
90.93
91.4
92.03
92.81
92.72
93.4
93.43
93.21
92.71
92.4
93.05
98.13
92.8
93
93.24
93.66
94.1
95
94.6
94.6
94.01
94
94.3
94.2
93.51
93.48
93
93.1
93.5
93.5
94.5
95.5
96
95.5
95.1
95.2
95.3
95.7
95.5
95.5
95.3
96.3
96.5
96.2
96.5
97.4
97
96.5
96.5
96.6
96.1
96
97.3
97.7
98.2
98.5
98.4
98.7
98.9
99.4
98.7
98.9
98.6
98.95
98.5
98.7
98.31
98.1
98.34
99
98.9
98.7
98.59
98.4
97.5
97.5
97.3
97.7
98.5
98.53
99.1
99.02
99.01
100.5
100.5
99.5
101.5
101.54
101.6
101.3
101.6
101.5
101.7
102.6
102.6
103
102.7
103
102.4
104.1
103.69
103.09
104
103.8
103.3
102
100.3
99.82
101.12
102.3
101.3
101.9
101
101
102
102.2
102.2
101.5
101.9
102.2
102.86
102.4
102.4
102.5
102.7
102.71
103.5
104.1
103.7
103.76
104.2
104.48
104.38
105
103.73
103.5
101.8
102.2
101.3
102
102.8
102
102.4
102.1
104.89
103.5
103.6
103
103.97
105.26
105.23
105.43
105.51
104.58
105.5
106
106.1
106.8
106.5
107.5
107
107.2
107.5
107.9
108.1
107.3
106.9
105.97
106.8
106
105.6
104.83
105.5
106.5
106.5
106.54
106.5
106.89
106.7
107.5
107.5
107.1
106.7
105.1
104.7
104.7
104
105.5
106.6
106.5
105.7
105.33
106.39
106.2
107.5
107.9
107.7
107.6
108.4
108.8
108.9
108.3
108.5
108
107.75
107.75
108.7
109.4
109.5
110
110
111.1
110.27
106.1
110.28
111.77
111.13
112
113.2
114.02
114.1
114.05
114.54
113.7
113.5
113.3
109.88
109.8
109
108.56
107.84
108.7
109.5
108.9
109.68
110
107.53
107.32
107.26
107.72
108.6
109.5
108.39
108.5
107.52
108.49
106
105.6
105.96
106.97
107.59
107.62
105.66
106.9
105.75
104.6
104.7
110
103.9
103.68
105
105
105
105.72
106.3
105.9
106.8
106.87
107.45
106
107.8
108.2
108.2
109
109.5
108.7
109
109.1
109.4
109.65
109.4
109.96
110.95
111.01
110.7
110.1
110.5
111
110.65
111.2
111.04
111.7
111.89
111.7
111.3
110.6
109.61
109.05
108.88
108.5
108.72
110.24
111.1
109.87
110.6
108.2
111.8
110.5
110.2
111.2
111.4
112.1
112.13
112.63
112.2
112.1
112.42
111.8
111
111.76
111.7
113
111.7
111.7
111
110.5
112.5
110.92
111.5
112.5
111.9
113
113
113.7
114
115
115
113.9
114.75
114.1
114.05
115
116
115.95
115.9
116.24
117.5
118.1
118.25
117.5
117.84
119
119
119.06
119.26
119.2
119.3
117
119
119
120
120.4
120.5
120.8
121.1
121.18
122.3
124.44
121.71
122.5
121.5
120.32
119.9
119.5
121
121.12
117.94
119.5
120.1
125
122.45
119.96
116.6
115.5
117
115.6
114.51
114.1
114.8
113.45
105
108.01
100
108.36
108.9
107.5
102
110.3
111.3
109.4
108
107.2
108.4
106.7
106.2
106.13
106.18
106.94
108.63
109.85
112.39
110.49
110.77
110.9
109.5
111
111.5
110.9
111.51
111.93
111.53
110.97
110.99
111
111.6
112.42
113.56
113.8
113.56
113.29
112.2
111.2
111.8
109.03
110.67
112.53
112.8
112.7
113.36
106
114.2
114
113
118.8
112.8
113.01
113.4
113.68
113.66
112.95
111.84
112.8
112.54
113.48
113.6
112.8
112.88
112.59
113.6
114.2
114.15
113.8
114.49
114
113.32
113.5
112.92
112.1
112
110.96
110.96
113.9
114.3
114.7
115.5
115.5
114.51
114.22
113.96
113.3
113
112.4
111.8
112.15
113
113
113
113.7
113.23
113.36
113
114.8
116
115.5
116.2
117
118.3
118.99
118.73
121
119.9
120.7
120.7
118.2
124
120
120.1
125.5
122.4
120.3
122.6
122.3
123.5
122.5
122
122.4
124.2
121.9
121.5
123
124
123.2
121.9
121.8
122.94
122.8
124.8
123.6
124.07
124.3
123
122.2
121.79
118.7
119.95
117.51
117.9
117.5
118.15
122.4
124.4
124.49
124.8
122.7
124.99
125.3
124.71
125.05
125.5
126
126.8
126.6
124.77
125.3
126
126.1
125.4
125.03
125.1
123.2
123.5
122.97
124.4
125
124.15
124.82
125
125.6
125
125.6
125.02
126
126.2
125.5
123.89
122.5
122.3
122.45
122.5
123
123.65
123.2
126
122.2
120.5
121.89
122.49
119.68
119.5
118.38
117.3
117.5
116
116.1
115
117.89
115.9
118
118.2
116.49
117
118
117.4
117
116.3
114.1
116.9
117.2
117.8
117
116.9
116.5
116
114.89
115.5
116.5
116.99
117.4
116.9
117.2
116.99
114.71
114.87
114.2
120.5
123
123.3
121.74
122.76
122.45
121.8
121.2
120.79
118.63
118.3
119.2
118.9
120
120.8
121.35
121.14
122.8
122
123.5
123.49
123.8
124
123.9
125
126.5
125.4
126.5
126.6
126.4
126.48
126.69
126.2
127
126.19
126
126.6
126.5
126.9
127.7
126.69
127.1
129.5
127.8
127.8
128.6
127.51
128.2
127.3
127
127.6
127.2
126.33
126.4
125.5
127.11
128.5
128.29
129
129.2
134.95
131.2
130.85
130.35
128.69
130.45
130.21
128.95
132
129.07
129.4
127.95
126.59
128.95
129.95
127
130.75
131.4
131.45
131.45
131.21
130.35
131.45
129.45
129.26
129
130.66
128.75
128.95
127.95
127.35
124.76
125.25
126.1
127.86
129.15
129.85
128.05
128.85
129.54
129.54
128.92
126.95
127.95
128.55
128.41
126.35
125.39
123.55
121.65
122.05
119.44
121.4
142.95
118.49
116.49
111.49
110
91.26
107.49
102.55
100.9
94.5
99.88
87
86
85
92
93
90
90
91.94
90
90
91
93.95
96.95
97
96
98
100.1
91.1
102
96.28
97.1
97.15
100.1
100
102
104.18
95.8
98.5
98.05
98.49
98.99
98.19
95.9
97.7
97.5
97.85
95.01
95.65
97.45
99
98
96.95
98.95
99.9
102
102
106.88
106.36
106.27
108.5
109
107.4
107.05
103.87
105.65
106.25
104.93
105.38
107.8
109.8
110
111
109
109.58
110.24
110.95
110.92
111.11
112.65
113.88
114.28
114.65
113.85
114.1
117
114.79
113.99
113.99
114.9
116.1
117.16
119
118.98
118.3
118.99
119.25
135.6
120.45
116.01
118.02
116.3
118.02
118.95
119.6
119.1
120.9
120.25
121.27
121
120.45
120.15
122.5
120.45
121.99
122.49
122.98
135
139
129
139
134.88
125
129.88
121.25
134.88
133.88
120.75
129
134.88
127
127
141.3
125.66
130
127.4
115
130
120
116.85
120
130
122
120.5
125
124
127.45
127
130
124
129
127.55
128
125.44
130
130
130
128
128
146.2
109.5
119.2
129.5
130
127.69
126
139
133
129
132
144.7
154.9
144.7
140
154.88
136
120
137
149
147.88
154.74
144
150
149.7
154
141.23
143.2
143
154
146
154
148
144.99
146
159
154.8
159
146.94
146.4
143.95
154.7
159
148.4
149.41
148.15
159.68
150.59
159.7
159.7
155
168.88
158
154.44
156.15
155.5
155.95
160.25
153.9
155.42
169.7
156.98
174.88
157.7
149
164.74
150
154.33
164.4
174.7
159.27
179.7
161.67
161.83
161.17
162.35
163.17
169.88
164.98
172.59
161.57
160.75
158.69
157.59
161.46
157
161.99
159.41
161.14
165
160.33
163.64
161.18
164.94
163.99
161
163.19
183.48
159.49
158.59
178.88
178.48
174.88
156.53
183.48
179.88
177.48
137.05
156.01
152.3
159.4
159.8
159.6
179.88
174.88
174.88
154.95
156.18
132
169.83
161
158.4
163
158.64
161.14
157.94
156.49
164
158.9
163.5
159.4
160.4
159.2
161.9
158.99
155.6
161.9
161.37
169
174.9
170
178.88
170
170
168.9
179
179
166.75
167.3
174.9
174.4
169.64
174.4
174.39
173.9
174.88
173.98
173.94
179
168.86
168
183.48
173.8
184.88
170.68
170.4
184.43
173.35
173.45
171.85
172.4
170.9
172.25
172.2
173.4
176.39
172.85
172.35
184.9
173.2
174.94
184.83
172.6
172.78
174.84
174.74
172.55
170.25
179.9
174.69
172.58
174.75
177.4
188.75
177.8
175.9
188.95
176.7
189.8
179.9
182.44
194.75
194
193.43
188.43
193.95
190
184.83
187.95
193.43
187.7
185.25
172.31
186.96
187.95
188.44
193.39
188.2
214.83
163.2
191.95
173.1
187.45
199.65
192.84
194.4
197.4
204.74
221.7
174.2
197.44
193.5
187.05
191.65
199.39
187.05
197.44
193.12
219.8
204.85
205.28
207.39
198.16
202.39
201.44
199.85
198.65
199.39
203.39
209
209
208.88
206.9
200
200
200
199
199.9
198
199.5
199.5
199.5
197.44
197.44
193.4
192.4
188.7
193
187.66
188
187.5
186.92
192.5
192.4
190
191
192.5
185
192.4
188.15
192
190
190
187.5
185
185
187.5
187.5
187.49
187.45
188.9
186.72
188
190
198.91
195
193
194
193.7
196
197.5
198.8
199.85
223
199
221.4
195.8
191.99
196.8
185.49
194
187.75
199.88
190.8
194
195
193
193
190
199.85
191.5
192.5
187.5
185
190
190
183.3
190
186
187.99
180.6
185
189.88
185
184.9
178.48
176.9
177.55
180
177.25
183
182
185
183.6
188
190
189
190
198
187.12
188.2
190
191.5
190.5
189.94
190.5
196.74
194.24
193
195
193.54
189.86
195
188.55
185
191.89
209.55
188.24
186.69
194.88
200
188.5
192.75
176.25
193.98
194.48
180.49
171
184.6
153.3
174.99
178.9
176.8
176.9
178.99
175.99
176.99
178.99
177.99
176.8
176.7
179.8
182.9
180.99
180.19
180.99
183.5
181.99
181.88
181.86
179.99
178.99
175.99
172.99
173.99
172.9
170.9
169.9
169.5
171.99
169.99
172.99
171
173.99
172.99
172.99
172.38
172.9
175
174.68
175.35
178.99
178.88
175.9
177.99
176.44
176.97
176.7
176.8
182.8
180.97
177.11
182.95
176.1
180.89
184.5
185
186.54
199.99
188.9
190.25
180.01
189.75
199.8
193.97
199.99
199.74
198.2
196.5
196.63
168.4
190.74
192.9
194.9
192.9
191.72
187.55
193.7
192.45
192.9
194.44
192.4
199.88
195.44
195.99
196.8
196.74
197.47
195.65
195.5
194.95
195.22
193.49
197.49
194.5
188.44
185.95
186.85
189.88
184.6
186.79
